Accuracy: 0.875
Precision: 0.8856547619047619
Recall: 0.8808928571428571
F-1 Score: 0.8691246253746254
AUC Score: 0.9589285714285716