Accuracy: 0.8568181818181818
Precision: 0.8638690476190476
Recall: 0.8692857142857143
F-1 Score: 0.8503951603951604