Accuracy: 0.8765151515151516
Precision: 0.8947619047619048
Recall: 0.8714285714285716
F-1 Score: 0.8690995115995117