Accuracy: 0.9196969696969697
Precision: 0.9269047619047619
Recall: 0.9292857142857143
F-1 Score: 0.9186557886557886