Accuracy: 0.825
Precision: 0.8355555555555554
Recall: 0.8291666666666666
F-1 Score: 0.8155401542901544