Accuracy: 0.787878787878788
Precision: 0.8049999999999999
Recall: 0.8123809523809523
F-1 Score: 0.7759415584415585
AUC Score: 0.9185714285714287