Accuracy: 0.8030303030303031
Precision: 0.8285119047619048
Recall: 0.8162698412698413
F-1 Score: 0.7956071706071706