Accuracy: 0.859848484848485
Precision: 0.8369047619047618
Recall: 0.846984126984127
F-1 Score: 0.8316222747840394
AUC Score: 0.9407440476190475