Accuracy: 0.8871212121212121
Precision: 0.888154761904762
Recall: 0.8903571428571428
F-1 Score: 0.8829786879786881