Accuracy: 0.8681818181818182
Precision: 0.8806547619047619
Recall: 0.8635714285714287
F-1 Score: 0.8593766445972328