Accuracy: 0.8757575757575756
Precision: 0.87625
Recall: 0.875
F-1 Score: 0.8708748196248196
AUC Score: 0.9487500000000001