Accuracy: 0.8833333333333332
Precision: 0.8811904761904762
Recall: 0.8966865079365078
F-1 Score: 0.875324814074814