Accuracy: 0.8780303030303029
Precision: 0.8667063492063493
Recall: 0.8626587301587303
F-1 Score: 0.8621442446442448